camera_matrix:
- - 1651.7967167730774
  - 0.0
  - 638.8255260620318
- - 0.0
  - 1674.368121351231
  - 347.22417883464584
- - 0.0
  - 0.0
  - 1.0
distortion_coef:
- - 0.10551578574866635
  - -0.23990557097440476
  - -0.03920835705233593
  - 0.0029005297262096556
  - 1.0118936374838277
